2.9811 -0.42584 1
1.2938 3.8787 0
1.2199 0.78931 0
0.32306 4.0927 0
1.8008 -0.78259 1
1.0896 3.307 0
3.0779 0.32625 1
3.7264 0.80702 1
-0.82278 5.2978 0
-0.15349 3.3732 0
-0.17162 4.0397 0
4.0205 0.023005 1
0.11156 4.4395 0
1.7594 -1.2687 1
0.38139 3.8987 0
1.1415 3.8531 0
3.9972 -1.3527 1
2.2438 -0.85405 1
1.7071 4.657 0
2.1961 -0.8942 1
1.0538 0.16176 1
2.5987 1.1145 1
2.3186 2.1931 0
1.9747 4.4742 0
5.4749 -0.93583 1
2.981 2.9569 0
-0.25303 4.3126 0
1.8749 3.9562 0
3.0219 -0.92516 1
3.3152 2.3507 0
3.2302 -2.349 1
1.645 3.0997 0
2.2401 3.6368 0
2.1598 1.1998 1
3.257 0.40273 1
2.7848 -1.6261 1
0.57321 4.1856 0
1.5057 0.14222 1
1.1518 4.081 0
2.6966 -1.5257 1
2.8879 -1.0835 1
1.6551 2.8064 0
0.22761 4.102 0
1.4955 2.0309 0
2.6755 3.8464 0
0.90699 3.7389 0
1.7899 3.6406 0
2.8772 -0.074259 1
0.83998 5.5248 0
0.91047 5.3024 0
1.162 -1.3935 1
2.801 0.2132 1
3.0634 -0.63779 1
3.4353 0.54365 1
3.2385 -0.22622 1
3.702 0.39527 1
1.9423 2.9484 0
3.6857 -0.61951 1
2.0612 5.5649 0
1.4839 4.1555 0
3.0633 0.26219 1
0.90947 4.0553 0
2.0308 0.34519 1
1.0596 4.9078 0
3.7034 0.5418 1
1.6098 4.0424 0
-0.43708 7.0483 0
4.6725 -0.48217 1
0.37256 4.1028 0
1.61 -1.6414 1
1.8752 3.2313 0
2.9701 -0.8048 1
1.5049 4.213 0
1.4484 3.5483 0
3.475 -0.028709 1
0.64826 2.0419 0
3.1328 -1.7443 1
3.0714 -0.59272 1
3.2556 -1.4636 1
0.47685 0.71839 1
2.1173 0.36123 1
1.2001 3.0393 0
1.1298 5.577 0
1.7014 4.8817 0
5.2153 1.3283 1
0.58988 4.1619 0
0.052691 2.3722 0
2.67 -0.9893 1
3.3148 3.8487 0
3.8252 1.7047 1
3.3124 -2.4857 1
2.6482 0.87722 1
2.77 -0.87354 1
1.6498 3.8245 0
3.0667 0.017228 1
2.4462 4.2444 0
2.1105 -0.8952 1
1.48 4.9219 0
2.9843 -1.6134 1
3.2983 -0.11601 1
